10420
10460
10131
10432
10371
10027
10202
10057
10367
10109
10232
10327
10119
10154
10494
10312
10334
10025
10368
10018
10151
10296
10248
10045
10275
10286
10482
10421
10165
10101
10200
10197
10406
10063
10453
10437
10416
10059
10394
10065
10493
10099
10189
10434
10308
10128
10405
10211
10278
10257
10117
10028
10344
10085
10135
10178
10110
10418
10068
10318
10491
10130
10069
10271
10002
10391
10439
10029
10452
10140
10356
10161
10169
10414
10265
10355
10340
10292
10138
10175
10307
10106
10333
10016
10226
10360
10470
10280
10392
10188
10430
10252
10290
10378
10497
10263
10193
10104
10143
10023
10384
10445
10168
10185
10293
10015
10137
10204
10332
10166
10238
10322
10132
10370
10289
10376
10158
10147
10451
10236
10126
10207
10498
10438
10266
10044
10206
10070
10039
10298
10003
10450
10220
10054
10500
10381
10481
10118
10260
10478
10094
10177
10203
10053
10212
10011
10005
10222
10040
10352
10089
10284
10255
10066
10357
10116
10071
10006
10353
10102
10122
10209
10346
10477
10078
10463
10487
10031
10186
10026
10492
10264
10276
10181
10055
10195
10081
10187
10174
10214
10004
10239
10022
10363
10354
10475
10496
10013
10120
10237
10084
10127
10010
10411
10194
10474
10256
10459
10136
10435
10225
10233
10372
10380
10221
10358
10303
10282
10458
10388
10305
10217
10325
10285
10338
10234
10146
10247
10454
10319
10115
10408
10058
10254
10480
10086
10179
10050
10153
10429
10288
10347
10213
10107
10192
10342
10080
10403
10034
10464
10331
10476
10229
10243
10152
10092
10173
10074
10157
10091
10385
10447
10196
10316
10035
10144
10326
10341
10041
10235
10270
10079
10324
10199
10349
10160
10407
10210
10483
10007
10090
10446
10061
10472
10272
10176
10083
10082
10030
10396
10087
10241
10485
10484
10103
10315
10300
10495
10240
10258
10304
10093
10224
10180
10404
10037
10417
10375
10377
10366
10218
10441
10310
10330
10108
10246
10320
10383
10100
10012
10019
10336
10190
10390
10365
10062
10386
10311
10382
10400
10014
10461
10395
10274
10294
10024
10335
10075
10455
10442
10219
10398
10088
10191
10113
10345
10139
10009
10426
10419
10172
10323
10393
10250
10060
10379
10422
10043
10183
10329
